[gd_scene load_steps=8 format=2]

[ext_resource path="res://Assets/Grass.tscn" type="PackedScene" id=1]
[ext_resource path="res://Assets/GrassDense.tscn" type="PackedScene" id=2]
[ext_resource path="res://Assets/Fence.tscn" type="PackedScene" id=3]
[ext_resource path="res://Scenes/Character.tscn" type="PackedScene" id=4]

[sub_resource type="PlaneMesh" id=1]
size = Vector2( 25, 25 )

[sub_resource type="SpatialMaterial" id=2]
albedo_color = Color( 0.109804, 0.380392, 0.239216, 1 )

[sub_resource type="ConvexPolygonShape" id=3]
points = PoolVector3Array( 12.5, 0, 12.5, -12.5, 0, 12.5, 12.5, 0, -12.5, -12.5, 0, -12.5 )

[node name="World" type="Spatial"]

[node name="ground" type="StaticBody" parent="."]

[node name="MeshInstance" type="MeshInstance" parent="ground"]
mesh = SubResource( 1 )
material/0 = SubResource( 2 )

[node name="CollisionShape" type="CollisionShape" parent="ground"]
shape = SubResource( 3 )

[node name="G1" parent="." instance=ExtResource( 1 )]
transform = Transform( 1, 0, 0, 0, 1, 0, 0, 0, 1, 0.521608, 0, -0.412111 )

[node name="G2" parent="." instance=ExtResource( 1 )]
transform = Transform( 1, 0, 0, 0, 1, 0, 0, 0, 1, 0.0852853, 0, -0.412111 )

[node name="G3" parent="." instance=ExtResource( 1 )]
transform = Transform( 0.79435, 0, -0.60746, 0, 1, 0, 0.60746, 0, 0.79435, 0.521608, 0, -0.0126113 )

[node name="G4" parent="." instance=ExtResource( 1 )]
transform = Transform( 0.289197, 0, -0.95727, 0, 1, 0, 0.95727, 0, 0.289197, 0.521608, 0, 0.33989 )

[node name="G5" parent="." instance=ExtResource( 1 )]
transform = Transform( 0.289197, 0, -0.95727, 0, 1, 0, 0.95727, 0, 0.289197, 0.069318, 0, 0.33989 )

[node name="G6" parent="." instance=ExtResource( 1 )]
transform = Transform( 0.289197, 0, -0.95727, 0, 1, 0, 0.95727, 0, 0.289197, 0.069318, 0, 0.716785 )

[node name="G7" parent="." instance=ExtResource( 1 )]
transform = Transform( 0.289197, 0, -0.95727, 0, 1, 0, 0.95727, 0, 0.289197, 0.496837, 0, 0.716785 )

[node name="G8" parent="." instance=ExtResource( 1 )]
transform = Transform( 0.558764, 0, -0.829326, 0, 1, 0, 0.829326, 0, 0.558764, 0.791475, 0, 0.716785 )

[node name="G9" parent="." instance=ExtResource( 1 )]
transform = Transform( -0.56144, 0, -0.827517, 0, 1, 0, 0.827517, 0, -0.56144, 0.841086, 0, 0.0915799 )

[node name="GD1" parent="." instance=ExtResource( 2 )]
transform = Transform( 1, 0, 0, 0, 1, 0, 0, 0, 1, -0.31401, 0, 0 )

[node name="GD2" parent="." instance=ExtResource( 2 )]
transform = Transform( 1, 0, 0, 0, 1, 0, 0, 0, 1, -0.471363, 0, 0.503166 )

[node name="GD3" parent="." instance=ExtResource( 2 )]
transform = Transform( 0.785295, 0, 0.619122, 0, 1, 0, -0.619122, 0, 0.785295, -0.237234, 0, 0.941139 )

[node name="GD4" parent="." instance=ExtResource( 2 )]
transform = Transform( 0.785295, 0, 0.619122, 0, 1, 0, -0.619122, 0, 0.785295, 0.142717, 0, 1.0348 )

[node name="Fence" parent="." instance=ExtResource( 3 )]
transform = Transform( 1, 0, 0, 0, 1, 0, 0, 0, 1, 2.14273, 0, -12.3003 )

[node name="Fence2" parent="." instance=ExtResource( 3 )]
transform = Transform( 1, 0, 0, 0, 1, 0, 0, 0, 1, 0.142727, 0, -12.3003 )

[node name="Fence3" parent="." instance=ExtResource( 3 )]
transform = Transform( 1, 0, 0, 0, 1, 0, 0, 0, 1, -1.85727, 0, -12.3003 )

[node name="Fence4" parent="." instance=ExtResource( 3 )]
transform = Transform( 1, 0, 0, 0, 1, 0, 0, 0, 1, -3.85727, 0, -12.3003 )

[node name="Fence5" parent="." instance=ExtResource( 3 )]
transform = Transform( 1, 0, 0, 0, 1, 0, 0, 0, 1, -5.85727, 0, -12.3003 )

[node name="Fence6" parent="." instance=ExtResource( 3 )]
transform = Transform( 1, 0, 0, 0, 1, 0, 0, 0, 1, -7.85727, 0, -12.3003 )

[node name="Fence7" parent="." instance=ExtResource( 3 )]
transform = Transform( 1, 0, 0, 0, 1, 0, 0, 0, 1, -9.85727, 0, -12.3003 )

[node name="Fence8" parent="." instance=ExtResource( 3 )]
transform = Transform( 4.47035e-08, 0, 1, 0, 1, 0, -1, 0, 4.47035e-08, -11.8573, 0, -12.3003 )

[node name="Character" parent="." instance=ExtResource( 4 )]
